ax,ay,az,gx,gy,gz,time_diff,timestamp,gz_raw,theta
-13248.0,-440.0,7540.0,-28.0,17.0,0.0268292682927,2.40434098244,1457571633.29,-15.0,0.0322533546424
-13364.0,-570.0,7344.0,-24.0,18.0,4.90487804878,0.102661132812,1457571633.39,65.0,0.285400684578
-13258.0,-152.0,7412.0,-23.0,23.0,4.90487804878,0.101450920105,1457571633.49,78.0,0.783005075629
-13326.0,142.0,7442.0,-23.0,17.0,4.41707317073,0.10641002655,1457571633.6,57.0,1.27897961401
-13338.0,56.0,7388.0,-27.0,17.0,0.880487804878,0.0985679626465,1457571633.7,-6.0,1.54006451019
-13374.0,-58.0,7426.0,-29.0,15.0,0.880487804878,0.102823019028,1457571633.8,-1.0,1.63059892451
-13394.0,-290.0,7346.0,-23.0,18.0,7.16097560976,0.108840942383,1457571633.91,102.0,2.0682191526
-13500.0,568.0,7324.0,-2.0,31.0,15.6365853659,0.0992810726166,1457571634.01,241.0,3.19990230595
-13292.0,818.0,7518.0,-15.0,18.0,16.0024390244,0.106011867523,1457571634.11,247.0,4.87695833706
-13142.0,1466.0,7686.0,-7.0,26.0,16.856097561,0.0984270572662,1457571634.21,280.0,6.49404286815
-13220.0,1514.0,7026.0,-12.0,22.0,16.856097561,0.106622934341,1457571634.32,261.0,8.29128945165
-13194.0,2626.0,7400.0,-19.0,11.0,11.1853658537,0.102900981903,1457571634.42,168.0,9.73403651133
-12998.0,2428.0,7448.0,-28.0,14.0,4.35609756098,0.102279186249,1457571634.52,56.0,10.5288206269
-13046.0,2334.0,7492.0,-28.0,16.0,0.0268292682927,0.102454900742,1457571634.63,-15.0,10.7533467935
-13120.0,2382.0,7468.0,-30.0,14.0,0.0268292682927,0.104492902756,1457571634.73,-16.0,10.7561502617
-12846.0,2218.0,6586.0,-33.0,14.0,0.575609756098,0.10001707077,1457571634.83,-6.0,10.7862773549
-13038.0,2330.0,7212.0,-28.0,16.0,0.575609756098,0.10408115387,1457571634.93,11.0,10.8461874825
-13102.0,2398.0,7368.0,-30.0,17.0,-0.0951219512195,0.106799840927,1457571635.04,-18.0,10.8718454931
-13134.0,2392.0,7366.0,-30.0,16.0,-0.156097560976,0.100739002228,1457571635.14,-17.0,10.8591916916
-13084.0,2368.0,7422.0,-29.0,15.0,-0.0951219512195,0.103038072586,1457571635.25,-18.0,10.8462491044
-13082.0,2396.0,7410.0,-29.0,18.0,-0.0951219512195,0.103482961655,1457571635.35,-17.0,10.8364056032
-13078.0,2340.0,7416.0,-29.0,18.0,0.148780487805,0.102485895157,1457571635.45,-13.0,10.8391552248
-13058.0,1780.0,7458.0,-25.0,8.0,8.80731707317,0.100563049316,1457571635.55,129.0,11.2894814651
-13022.0,1744.0,7410.0,-17.0,11.0,9.96585365854,0.106511116028,1457571635.66,289.0,12.2892571481
-12830.0,3708.0,7462.0,-27.0,13.0,9.96585365854,0.107039928436,1457571635.77,148.0,13.3560014105
-12822.0,3276.0,7514.0,-30.0,14.0,-0.156097560976,0.110337018967,1457571635.88,-20.0,13.8971910328
-12902.0,3360.0,7426.0,-30.0,18.0,-0.217073170732,0.100224018097,1457571635.98,-18.0,13.8784906978
-12858.0,3310.0,7464.0,-30.0,14.0,-0.217073170732,0.0911560058594,1457571636.07,-19.0,13.8587031745
-12882.0,3324.0,7438.0,-28.0,10.0,-0.217073170732,0.108236074448,1457571636.18,-20.0,13.8352080267
-12890.0,3268.0,7384.0,-29.0,16.0,-0.0951219512195,0.10067486763,1457571636.28,-17.0,13.8194929254
-12852.0,3240.0,7464.0,-28.0,17.0,-0.0951219512195,0.103982925415,1457571636.38,-16.0,13.8096018666
-12900.0,3342.0,7466.0,-29.0,18.0,-0.0341463414634,0.101526021957,1457571636.48,-17.0,13.8030398189
-12850.0,3236.0,7446.0,-30.0,17.0,-0.0341463414634,0.103087186813,1457571636.58,-16.0,13.7995197686
-12816.0,3238.0,7478.0,-28.0,18.0,0.209756097561,0.106570005417,1457571636.69,-12.0,13.8088771349
-12762.0,3374.0,7434.0,-25.0,10.0,4.35609756098,0.102062940598,1457571636.79,113.0,14.0418793603
-12782.0,3820.0,7388.0,-25.0,17.0,4.35609756098,0.101774930954,1457571636.9,56.0,14.4852208888
-12766.0,3670.0,7446.0,-30.0,16.0,-0.156097560976,0.101885080338,1457571637.0,-18.0,14.6991795575
-12842.0,3624.0,7364.0,-29.0,14.0,-0.156097560976,0.102463960648,1457571637.1,-18.0,14.6831851831
-12814.0,3558.0,7336.0,-28.0,19.0,-0.156097560976,0.102699995041,1457571637.2,-16.0,14.6671539644
-12788.0,3626.0,7446.0,-29.0,16.0,-0.217073170732,0.107209920883,1457571637.31,-19.0,14.6471501621
-12846.0,3608.0,7374.0,-29.0,13.0,-0.217073170732,0.101179122925,1457571637.41,-19.0,14.6251868891
-12796.0,3584.0,7434.0,-29.0,17.0,-0.217073170732,0.102519989014,1457571637.51,-17.0,14.60293255
-12810.0,3616.0,7408.0,-30.0,18.0,-0.156097560976,0.102423906326,1457571637.62,-19.0,14.5838217479
-12802.0,3652.0,7424.0,-30.0,13.0,-0.156097560976,0.106703996658,1457571637.72,-18.0,14.5671655143
-12796.0,3602.0,7384.0,-28.0,18.0,-0.156097560976,0.100821971893,1457571637.82,-18.0,14.5514274504
-12770.0,3604.0,7422.0,-29.0,15.0,-0.156097560976,0.10467004776,1457571637.93,-19.0,14.5350887113
-12786.0,3602.0,7432.0,-28.0,17.0,-0.156097560976,0.101397037506,1457571638.03,-18.0,14.519260881
-12814.0,3598.0,7446.0,-28.0,15.0,-0.156097560976,0.103298902512,1457571638.13,-18.0,14.5031361743
-12828.0,3654.0,7412.0,-29.0,15.0,-0.278048780488,0.101526021957,1457571638.23,-20.0,14.4810975988
-13032.0,4096.0,7010.0,-44.0,-2.0,-0.278048780488,0.108133077621,1457571638.34,-202.0,14.4510313284
-13032.0,3410.0,7108.0,-26.0,23.0,0.0268292682927,0.0985341072083,1457571638.44,-10.0,14.4386544832
-12758.0,3304.0,7582.0,-30.0,15.0,0.0268292682927,0.10604095459,1457571638.55,-15.0,14.4414994845
-12870.0,3474.0,7372.0,-29.0,16.0,-0.156097560976,0.100795984268,1457571638.65,-18.0,14.4349846221
-12834.0,3364.0,7482.0,-30.0,16.0,-0.217073170732,0.102952003479,1457571638.75,-19.0,14.4157752848
-12650.0,3528.0,7574.0,-30.0,15.0,-1.19268292683,0.103062868118,1457571638.85,-35.0,14.3431285314
-12856.0,3838.0,7444.0,-38.0,19.0,-8.81463414634,0.105874061584,1457571638.96,-208.0,13.8133708794
-12896.0,2116.0,7594.0,-35.0,19.0,-8.81463414634,0.106313943863,1457571639.07,-160.0,12.8762523596
-13010.0,3114.0,7460.0,-32.0,18.0,-8.81463414634,0.0987651348114,1457571639.16,-134.0,12.0056738298
-13006.0,2636.0,7530.0,-45.0,15.0,-18.2658536585,0.103726863861,1457571639.27,-315.0,10.6011867939
-13410.0,2506.0,7498.0,-36.0,22.0,-18.5097560976,0.101847171783,1457571639.37,-371.0,8.72844087176
-13194.0,1614.0,7434.0,-42.0,16.0,-18.5097560976,0.105741977692,1457571639.48,-319.0,6.77118265542
-13304.0,1138.0,7336.0,-46.0,14.0,-15.5829268293,0.101404905319,1457571639.58,-271.0,5.04260001328
-13402.0,710.0,7654.0,-26.0,17.0,-11.9243902439,0.11074090004,1457571639.69,-211.0,3.5195074881
-13388.0,290.0,7378.0,-43.0,15.0,-11.0097560976,0.0947852134705,1457571639.78,-196.0,2.43259850973
-13314.0,-294.0,7468.0,-35.0,18.0,-3.20487804878,0.106961011887,1457571639.89,-68.0,1.67239268379
-13310.0,78.0,7364.0,-30.0,13.0,-0.217073170732,0.0975308418274,1457571639.99,-15.0,1.50551979222
-13346.0,62.0,7404.0,-29.0,20.0,-0.217073170732,0.102929115295,1457571640.09,-19.0,1.4831766428
-13244.0,188.0,7248.0,-29.0,16.0,-0.217073170732,0.101514816284,1457571640.19,-22.0,1.46114049975
-13350.0,38.0,7414.0,-29.0,16.0,-0.156097560976,0.109668016434,1457571640.3,-18.0,1.44067805279
-13280.0,156.0,7508.0,-29.0,14.0,-0.156097560976,0.0998401641846,1457571640.4,-17.0,1.42509324667
-13462.0,44.0,7354.0,-29.0,17.0,-0.4,0.0999388694763,1457571640.5,-22.0,1.39730536589
-13396.0,252.0,7434.0,-33.0,20.0,-6.25365853659,0.105717182159,1457571640.61,-126.0,1.04560235012
-13348.0,-322.0,7422.0,-38.0,14.0,-6.25365853659,0.105294942856,1457571640.71,-118.0,0.387123731869
-13382.0,-316.0,7402.0,-29.0,15.0,-1.07073170732,0.0994820594788,1457571640.81,-33.0,0.0228010189242
-13392.0,-258.0,7362.0,-30.0,16.0,-0.4,0.10573387146,1457571640.92,-22.0,-0.0549520597225
-13304.0,-276.0,7420.0,-28.0,16.0,-0.4,0.10252904892,1457571641.02,-20.0,-0.0959636792904
-13294.0,-72.0,7496.0,-29.0,20.0,-1.49756097561,0.102037906647,1457571641.12,-40.0,-0.192775254133
-13404.0,-36.0,7384.0,-40.0,14.0,-8.38780487805,0.102681159973,1457571641.22,-153.0,-0.70029567044
-13400.0,-776.0,7344.0,-45.0,17.0,-14.3634146341,0.102901935577,1457571641.33,-285.0,-1.87086793272
-13304.0,-1390.0,7464.0,-43.0,24.0,-14.3634146341,0.106219053268,1457571641.43,-251.0,-3.39653623686
-13268.0,-1616.0,7398.0,-36.0,18.0,-7.22926829268,0.105264902115,1457571641.54,-134.0,-4.5330120642
-13284.0,-1574.0,7444.0,-33.0,17.0,-5.15609756098,0.0985291004181,1457571641.64,-89.0,-5.14317154216
-13268.0,-1700.0,7448.0,-36.0,17.0,-4.48536585366,0.102686882019,1457571641.74,-100.0,-5.63819745023
-13316.0,-1686.0,7432.0,-33.0,16.0,-5.15609756098,0.102585077286,1457571641.84,-78.0,-6.132732585
-13306.0,-1754.0,7334.0,-32.0,15.0,-5.27804878049,0.108762979507,1457571641.95,-102.0,-6.70015700736
-13166.0,-1882.0,7368.0,-41.0,13.0,-11.5585365854,0.100307941437,1457571642.05,-208.0,-7.54457861679
-13092.0,-2558.0,7476.0,-38.0,17.0,-11.5585365854,0.106163024902,1457571642.16,-205.0,-8.77166782414
-13196.0,-2646.0,7398.0,-32.0,18.0,-5.09512195122,0.0980660915375,1457571642.26,-98.0,-9.58824742538
-13162.0,-2512.0,7382.0,-31.0,18.0,-5.09512195122,0.10426402092,1457571642.36,-99.0,-10.1194853271
-13186.0,-2896.0,7288.0,-31.0,17.0,-5.09512195122,0.107387781143,1457571642.47,-107.0,-10.6666391681
-13152.0,-3030.0,7398.0,-30.0,16.0,-3.08292682927,0.0994131565094,1457571642.57,-66.0,-11.0731419898
-13082.0,-2998.0,7370.0,-27.0,14.0,-3.08292682927,0.102417945862,1457571642.67,-37.0,-11.3888890229
-13134.0,-3062.0,7200.0,-33.0,17.0,-3.81463414634,0.102725982666,1457571642.77,-83.0,-11.7431683875
-13218.0,-3198.0,7296.0,-32.0,15.0,-4.05853658537,0.101974964142,1457571642.87,-78.0,-12.144601539
-13080.0,-3320.0,7336.0,-32.0,16.0,-3.81463414634,0.104159116745,1457571642.98,-82.0,-12.5546327937
-13066.0,-3044.0,7368.0,-27.0,12.0,-3.57073170732,0.10521697998,1457571643.08,-59.0,-12.9431657393
-13006.0,-3162.0,7432.0,-32.0,15.0,-2.65609756098,0.10186290741,1457571643.19,-74.0,-13.2603072059
-13044.0,-3456.0,7382.0,-32.0,16.0,-2.47317073171,0.103886127472,1457571643.29,-56.0,-13.5267371157
-13028.0,-3344.0,7344.0,-30.0,16.0,-2.41219512195,0.101501941681,1457571643.39,-55.0,-13.7746741757
-12988.0,-3452.0,7392.0,-30.0,15.0,-1.49756097561,0.103286027908,1457571643.49,-37.0,-13.9765857644
-13026.0,-3596.0,7348.0,-30.0,16.0,-1.31463414634,0.101832866669,1457571643.6,-40.0,-14.1197727099
-13010.0,-3496.0,7300.0,-29.0,18.0,-0.156097560976,0.105682134628,1457571643.7,-17.0,-14.197487743
-13020.0,-3546.0,7342.0,-28.0,17.0,-0.156097560976,0.102386951447,1457571643.8,-18.0,-14.2134700964
-13000.0,-3536.0,7412.0,-30.0,17.0,-0.278048780488,0.102675914764,1457571643.91,-20.0,-14.2357582828
-12986.0,-3542.0,7396.0,-31.0,17.0,-2.3512195122,0.103312969208,1457571644.01,-54.0,-14.3715770399
-12956.0,-3616.0,7336.0,-31.0,15.0,-3.14390243902,0.101033210754,1457571644.11,-67.0,-14.649171947
-12932.0,-3528.0,7318.0,-33.0,14.0,-4.4243902439,0.109336853027,1457571644.22,-88.0,-15.0629185993
-12970.0,-3834.0,7270.0,-36.0,14.0,-4.4243902439,0.100619077682,1457571644.32,-117.0,-15.508096665
-12882.0,-3942.0,7388.0,-30.0,18.0,0.0878048780488,0.10233092308,1457571644.42,-14.0,-15.7299800568
-12902.0,-3978.0,7296.0,-29.0,20.0,0.148780487805,0.101694107056,1457571644.52,-13.0,-15.717950388
-12930.0,-2270.0,7394.0,-17.0,16.0,10.1487804878,0.102301836014,1457571644.63,151.0,-15.1912206909
-13388.0,-3160.0,6682.0,-9.0,24.0,11.856097561,0.102145195007,1457571644.73,179.0,-14.0673744112
-13180.0,-3248.0,7240.0,-19.0,24.0,17.7707317073,0.107450008392,1457571644.84,295.0,-12.4756728844
-13216.0,-2960.0,7286.0,-27.0,7.0,18.9292682927,0.0982019901276,1457571644.94,276.0,-10.6736663656
-13162.0,-2132.0,7442.0,-6.0,24.0,17.7707317073,0.105751991272,1457571645.04,298.0,-8.73311732571
-13246.0,-2096.0,7432.0,-16.0,17.0,17.9536585366,0.103385925293,1457571645.14,271.0,-6.88641775527
-13238.0,-1162.0,7526.0,-12.0,18.0,17.4658536585,0.101290941238,1457571645.25,279.0,-5.09257989104
-13352.0,-448.0,7326.0,-22.0,20.0,9.53902439024,0.102435112,1457571645.35,141.0,-3.70945603731
-13204.0,-316.0,7338.0,-23.0,12.0,9.53902439024,0.102637052536,1457571645.45,77.0,-2.73039868983
-13368.0,-794.0,7398.0,-18.0,16.0,13.1365853659,0.106159925461,1457571645.56,200.0,-1.52677816909
-13606.0,-112.0,7504.0,-13.0,21.0,13.1365853659,0.102451086044,1457571645.66,235.0,-0.18092073144
-13316.0,502.0,7318.0,-28.0,15.0,2.83170731707,0.129941940308,1457571645.79,31.0,0.85655473587
-13388.0,80.0,7434.0,-30.0,15.0,0.270731707317,0.0784568786621,1457571645.87,-17.0,0.978258576916
-13498.0,276.0,7388.0,-30.0,15.0,0.270731707317,0.0993320941925,1457571645.97,-11.0,1.00515092437
-13316.0,-240.0,7580.0,-18.0,21.0,8.01463414634,0.101839065552,1457571646.07,157.0,1.42703788251
-13326.0,810.0,7404.0,-19.0,15.0,8.01463414634,0.102496862411,1457571646.17,116.0,2.24851273589
-13396.0,732.0,7348.0,-29.0,18.0,-0.156097560976,0.103235006332,1457571646.27,-20.0,2.65415077297
-13316.0,628.0,7434.0,-30.0,14.0,-0.156097560976,0.105448961258,1457571646.38,-18.0,2.63769044731
-13388.0,712.0,7380.0,-33.0,10.0,-0.156097560976,0.102368116379,1457571646.48,-12.0,2.62171103402
-13366.0,754.0,7556.0,-27.0,13.0,-0.156097560976,0.105521917343,1457571646.59,-18.0,2.60523932009
-13298.0,638.0,7410.0,-30.0,15.0,-0.156097560976,0.100075006485,1457571646.69,-18.0,2.58961785567
-13154.0,692.0,7640.0,-26.0,6.0,-0.156097560976,0.103137016296,1457571646.79,-19.0,2.57351841897
-13300.0,722.0,7426.0,-29.0,17.0,-0.217073170732,0.101375102997,1457571646.89,-15.0,2.55460330829
-13312.0,674.0,7506.0,-27.0,17.0,-0.156097560976,0.1085729599,1457571647.0,-19.0,2.53434518285
-13364.0,704.0,7490.0,-29.0,19.0,-0.217073170732,0.100198984146,1457571647.1,-18.0,2.51564951873
-13140.0,504.0,7446.0,-29.0,21.0,-0.278048780488,0.102171897888,1457571647.2,-21.0,2.49035574401
-13294.0,636.0,7486.0,-30.0,16.0,-0.339024390244,0.103922128677,1457571647.31,-20.0,2.45829196529
-13436.0,828.0,7280.0,-25.0,16.0,-0.278048780488,0.100767850876,1457571647.41,-87.0,2.42720139666
-13370.0,650.0,7302.0,-28.0,14.0,-0.278048780488,0.102847099304,1457571647.51,-20.0,2.39860488612
-13132.0,610.0,7642.0,-27.0,8.0,-0.278048780488,0.102020978928,1457571647.61,-20.0,2.37023807735
-13290.0,618.0,7394.0,-29.0,19.0,-0.156097560976,0.106442928314,1457571647.72,-17.0,2.3471321734
-13328.0,490.0,7402.0,-29.0,17.0,-0.156097560976,0.102754116058,1457571647.82,-18.0,2.3310925065
-13344.0,518.0,7450.0,-29.0,17.0,-0.156097560976,0.101819038391,1457571647.92,-18.0,2.31519880295
-13366.0,542.0,7384.0,-29.0,17.0,-0.156097560976,0.102412939072,1457571648.03,-18.0,2.29921239295
-13288.0,512.0,7426.0,-29.0,18.0,-0.156097560976,0.102674007416,1457571648.13,-18.0,2.28318523081
-13316.0,550.0,7378.0,-29.0,17.0,-0.156097560976,0.103111028671,1457571648.23,-17.0,2.26708985073
-13332.0,542.0,7444.0,-30.0,16.0,-0.156097560976,0.105978012085,1457571648.34,-18.0,2.25054694152
-13308.0,526.0,7402.0,-29.0,15.0,-0.156097560976,0.101968050003,1457571648.44,-18.0,2.23462997762
-13286.0,534.0,7424.0,-30.0,16.0,-0.0951219512195,0.102952003479,1457571648.54,-17.0,2.22169820157
-13288.0,548.0,7358.0,-29.0,17.0,-0.0951219512195,0.102517843246,1457571648.65,-17.0,2.21194650429
-13330.0,538.0,7428.0,-30.0,16.0,-0.156097560976,0.102102994919,1457571648.75,-18.0,2.199121372
-13334.0,514.0,7446.0,-29.0,16.0,-0.156097560976,0.102468967438,1457571648.85,-18.0,2.18312621611
-13290.0,594.0,7414.0,-29.0,16.0,-0.0951219512195,0.106052160263,1457571648.96,-17.0,2.16980503012
-13296.0,552.0,7468.0,-29.0,16.0,-0.0951219512195,0.10241985321,1457571649.06,-17.0,2.16006265384
-13322.0,524.0,7454.0,-29.0,17.0,-0.0951219512195,0.102256059647,1457571649.16,-18.0,2.15033585793
