,Unnamed: 0,faceBottom,faceLeft,faceRight,faceTop,frameIndex,isFrontFace,noseX,noseY,time,timestamp_x,ax,ay,az,gx,gy,gz,time_diff,timestamp_y,gz_raw,theta
100,100,96,129,206,19,109,1,166.312454224,69.7350845337,1457567823.92,1457567823.95,-13258.0,-2434.0,7340.0,-33.0,18.0,-3.26585365854,0.102506875992,1457567823.94,-69.0,-5.87710738909
101,101,-1,-1,-1,-1,110,0,153.967163086,67.5303115845,1457567824.03,1457567824.05,-13244.0,-2392.0,7284.0,-33.0,15.0,-5.58292682927,0.10130906105,1457567824.04,-107.0,-6.32533821042
102,102,-1,-1,-1,-1,111,0,138.666687012,65.9254379272,1457567824.13,1457567824.15,-13100.0,-2076.0,7226.0,-42.0,4.0,-14.7902439024,0.101683139801,1457567824.14,-258.0,-7.36114219427
103,103,-1,-1,-1,-1,112,0,128.135253906,66.8182601929,1457567824.2,1457567824.22,-13110.0,-3694.0,7276.0,-51.0,23.0,-26.6195121951,0.106915950775,1457567824.25,-452.0,-9.57482391654
104,104,-1,-1,-1,-1,113,0,125.618774414,68.5519180298,1457567824.26,1457567824.29,-13110.0,-3694.0,7276.0,-51.0,23.0,-26.6195121951,0.106915950775,1457567824.25,-452.0,-9.57482391654
105,105,-1,-1,-1,-1,114,0,126.975990295,69.082649231,1457567824.33,1457567824.35,-12798.0,-4212.0,7662.0,-59.0,-13.0,-26.6195121951,0.102627038956,1457567824.35,-472.0,-12.3067056316
106,106,-1,-1,-1,-1,115,0,128.988235474,68.9746170044,1457567824.4,1457567824.42,-12718.0,-5230.0,7098.0,-50.0,10.0,-26.3146341463,0.105576992035,1457567824.46,-447.0,-15.1010196049
107,107,-1,-1,-1,-1,116,0,134.956283569,68.8265609741,1457567824.47,1457567824.48,-12718.0,-5230.0,7098.0,-50.0,10.0,-26.3146341463,0.105576992035,1457567824.46,-447.0,-15.1010196049
108,108,-1,-1,-1,-1,117,0,138.437271118,68.6718063354,1457567824.54,1457567824.56,-12620.0,-5648.0,6908.0,-54.0,17.0,-26.3146341463,0.0991380214691,1457567824.56,-445.0,-17.7098003699
109,109,94,121,195,20,118,1,146.444412231,69.4912185669,1457567824.6,1457567824.63,-11844.0,-6052.0,7560.0,-48.0,-2.0,-26.1926829268,0.106096982956,1457567824.66,-541.0,-20.4952343321
110,110,93,120,194,19,119,1,147.73109436,70.4139938354,1457567824.68,1457567824.72,-11968.0,-7050.0,7190.0,-48.0,12.0,-22.8390243902,0.0988318920135,1457567824.76,-390.0,-22.9181825335
111,111,95,120,197,18,120,1,148.375656128,71.1163406372,1457567824.77,1457567824.8,-11968.0,-7050.0,7190.0,-48.0,12.0,-22.8390243902,0.0988318920135,1457567824.76,-390.0,-22.9181825335
112,112,93,121,195,19,121,1,148.083847046,71.0975418091,1457567824.85,1457567824.89,-11500.0,-7140.0,7298.0,-43.0,14.0,-17.2292682927,0.105947971344,1457567824.87,-263.0,-25.040759696
113,113,93,120,195,18,122,1,147.553482056,71.4912872314,1457567824.95,1457567824.98,-11238.0,-7384.0,7384.0,-39.0,16.0,-17.2292682927,0.10285115242,1457567824.97,-298.0,-26.8128097953
114,114,95,119,196,18,123,1,145.787155151,69.2442703247,1457567825.04,1457567825.07,-11482.0,-9060.0,7190.0,-58.0,19.0,-17.2292682927,0.103771924973,1457567825.07,-406.0,-28.6007241319
115,115,93,120,194,19,124,1,145.466445923,69.2717056274,1457567825.13,1457567825.16,-11336.0,-8516.0,6742.0,-33.0,39.0,0.941463414634,0.0989379882812,1457567825.17,0.0,-29.406465456
116,116,95,119,196,18,125,1,145.615371704,69.315864563,1457567825.22,1457567825.25,-10996.0,-8626.0,7276.0,-20.0,13.0,8.50243902439,0.108952045441,1457567825.28,124.0,-28.8919992121
117,117,93,120,194,19,126,1,145.692077637,69.1211547852,1457567825.33,1457567825.36,-11060.0,-8448.0,7284.0,2.0,35.0,20.2097560976,0.101908922195,1457567825.38,346.0,-27.4289847828
118,118,93,122,196,19,127,1,146.102676392,68.6776199341,1457567825.42,1457567825.46,-11370.0,-6474.0,7572.0,2.0,1.0,20.2097560976,0.106112957001,1457567825.49,316.0,-25.284467803
119,119,93,122,197,18,128,1,146.460403442,68.6999359131,1457567825.53,1457567825.56,-11672.0,-6532.0,7230.0,-27.0,11.0,1.24634146341,0.109307050705,1457567825.6,5.0,-24.111816431
120,120,96,120,199,17,129,1,147.005203247,68.4772415161,1457567825.69,1457567825.73,-11614.0,-7084.0,7316.0,-30.0,15.0,0.0878048780488,0.091502904892,1457567825.69,-14.0,-24.0507772981
121,121,93,123,198,18,130,1,147.285385132,68.4690170288,1457567825.83,1457567825.88,-11764.0,-6946.0,7170.0,-28.0,8.0,-0.278048780488,0.104476928711,1457567825.9,-24.0,-24.0580370734
122,122,94,124,199,19,131,1,147.272232056,68.480758667,1457567825.94,1457567825.97,-11532.0,-7212.0,7326.0,-31.0,17.0,-0.278048780488,0.100331068039,1457567826.0,-20.0,-24.0859340046
123,123,96,122,200,18,134,1,157.0,62.25,1457567826.02,1457567826.27,-11774.0,-6994.0,7198.0,3.0,22.0,6.85609756098,0.104340791702,1457567826.31,297.0,-23.1872017648
124,124,94,123,198,19,135,1,157.44367981,61.846824646,1457567826.32,1457567826.35,-11774.0,-6994.0,7198.0,3.0,22.0,6.85609756098,0.104340791702,1457567826.31,297.0,-23.1872017648
125,125,96,122,200,18,136,1,157.702911377,61.8486022949,1457567826.41,1457567826.43,-11980.0,-6150.0,7314.0,-23.0,16.0,6.85609756098,0.102551221848,1457567826.41,97.0,-22.4841005828
126,126,95,123,199,19,137,1,157.770477295,61.9409103394,1457567826.49,1457567826.51,-11962.0,-6236.0,7288.0,-27.0,16.0,4.72195121951,0.103579998016,1457567826.51,62.0,-21.884473448
127,127,94,124,199,19,138,1,157.975952148,62.1453514099,1457567826.55,1457567826.59,-12002.0,-6220.0,7362.0,-26.0,12.0,-0.156097560976,0.102183818817,1457567826.62,-22.0,-21.6511952665
128,128,95,123,199,19,139,1,158.029815674,62.1626014709,1457567826.65,1457567826.7,-12046.0,-6288.0,7330.0,-31.0,17.0,-0.156097560976,0.105309009552,1457567826.72,-18.0,-21.667633746
129,129,95,124,199,20,140,1,158.171676636,62.251373291,1457567826.78,1457567826.81,-12070.0,-6258.0,7300.0,-30.0,15.0,-0.156097560976,0.102107048035,1457567826.82,-17.0,-21.6835724072
130,130,95,123,199,19,141,1,158.411468506,62.1284370422,1457567826.86,1457567826.89,-12088.0,-6252.0,7308.0,-29.0,15.0,-0.156097560976,0.102513074875,1457567826.93,-18.0,-21.6995744481
131,131,95,124,200,19,142,1,158.455810547,62.0755233765,1457567826.95,1457567826.98,-12088.0,-6252.0,7308.0,-29.0,15.0,-0.156097560976,0.102513074875,1457567826.93,-18.0,-21.6995744481
132,132,95,124,200,19,143,1,158.546417236,62.0030860901,1457567827.05,1457567827.09,-12040.0,-6188.0,7300.0,-30.0,19.0,0.0268292682927,0.103152036667,1457567827.13,-15.0,-21.7224688675
133,133,94,126,200,20,144,1,158.762908936,61.969039917,1457567827.16,1457567827.19,-12024.0,-6284.0,7334.0,-31.0,18.0,0.209756097561,0.102296829224,1457567827.24,-12.0,-21.7103679012
134,134,95,125,202,18,145,1,159.05947876,61.9683609009,1457567827.26,1457567827.29,-12024.0,-6284.0,7334.0,-31.0,18.0,0.209756097561,0.102296829224,1457567827.24,-12.0,-21.7103679012
135,135,94,127,201,20,146,1,159.644515991,61.8946762085,1457567827.34,1457567827.39,-12244.0,-5728.0,7274.0,1.0,18.0,16.1853658537,0.0988030433655,1457567827.44,472.0,-19.5382453471
136,136,93,127,201,19,147,1,160.060668945,61.7782554626,1457567827.46,1457567827.5,-12510.0,-4396.0,7448.0,-14.0,38.0,16.1853658537,0.108301877975,1457567827.55,250.0,-17.7853398294
137,137,95,127,203,19,148,1,160.444549561,61.8734359741,1457567827.58,1457567827.64,-12658.0,-4878.0,7384.0,-33.0,17.0,16.1853658537,0.101850032806,1457567827.65,71.0,-16.1368597862
138,138,94,126,202,18,149,1,160.546661377,61.9862747192,1457567827.69,1457567827.72,-12724.0,-5186.0,7556.0,-15.0,19.0,20.6365853659,0.100564956665,1457567827.75,323.0,-14.2853608219
139,139,94,127,202,19,150,1,160.666137695,61.9188690186,1457567827.76,1457567827.79,-12724.0,-5186.0,7556.0,-15.0,19.0,20.6365853659,0.100564956665,1457567827.75,323.0,-14.2853608219
140,140,93,128,201,20,151,1,160.790878296,61.8201217651,1457567827.83,1457567827.86,-12414.0,-4432.0,7366.0,28.0,26.0,29.843902439,0.101910114288,1457567827.85,533.0,-11.7131246811
141,141,93,128,203,18,152,1,160.799072266,61.8015823364,1457567827.92,1457567827.95,-12952.0,-2436.0,7228.0,-9.0,11.0,29.843902439,0.103485107422,1457567827.96,474.0,-8.62472523131
142,142,93,128,201,20,153,1,160.844284058,61.8353500366,1457567828.0,1457567828.03,-13152.0,-2744.0,7242.0,-4.0,27.0,29.843902439,0.105937004089,1457567828.06,441.0,-5.46315161658
143,143,93,128,203,18,154,1,160.9190979,61.8537139893,1457567828.11,1457567828.14,-13042.0,-1494.0,7686.0,25.0,32.0,33.7463414634,0.102128982544,1457567828.16,538.0,-2.21594816185
144,144,93,128,202,19,155,1,160.944320679,61.7519683838,1457567828.19,1457567828.23,-13386.0,382.0,7262.0,-11.0,3.0,33.7463414634,0.0999238491058,1457567828.26,581.0,1.15611617042
145,145,93,128,203,18,156,1,161.047714233,61.6781539917,1457567828.28,1457567828.33,-13284.0,200.0,7230.0,-2.0,11.0,33.1365853659,0.10591006279,1457567828.37,477.0,4.69790366045
146,146,94,128,203,19,157,1,161.119903564,61.5983772278,1457567828.39,1457567828.42,-13220.0,1358.0,7316.0,3.0,13.0,33.1365853659,0.103426933289,1457567828.47,528.0,8.12511906449
147,147,95,127,204,18,158,1,161.21546936,61.6080436707,1457567828.47,1457567828.52,-13220.0,1358.0,7316.0,3.0,13.0,33.1365853659,0.103426933289,1457567828.47,528.0,8.12511906449
148,148,94,128,205,17,159,1,161.40814209,61.6109008789,1457567828.6,1457567828.64,-12902.0,2462.0,7288.0,-14.0,9.0,41.1853658537,0.0914590358734,1457567828.68,696.0,15.6173772559
149,149,94,129,205,18,160,1,161.562866211,61.4380722046,1457567828.7,1457567828.74,-12650.0,4670.0,7284.0,11.0,21.0,41.1853658537,0.106899023056,1457567828.78,660.0,20.0200526299
150,150,93,128,203,18,161,1,161.560882568,61.4398345947,1457567828.81,1457567828.86,-12218.0,5524.0,7302.0,-9.0,21.0,26.612195122,0.104678869247,1457567828.89,421.0,23.5685386402
151,151,96,127,206,17,162,1,161.541870117,61.5068511963,1457567828.92,1457567828.96,-12040.0,5670.0,7310.0,-12.0,17.0,21.0634146341,0.10368514061,1457567828.99,330.0,26.0401647908
152,152,91,131,202,20,163,1,161.726455688,61.4335975647,1457567829.01,1457567829.03,-12040.0,5670.0,7310.0,-12.0,17.0,21.0634146341,0.10368514061,1457567828.99,330.0,26.0401647908
153,153,93,129,204,18,164,1,162.00352478,61.3909759521,1457567829.09,1457567829.13,-11900.0,5946.0,7390.0,-12.0,18.0,20.8804878049,0.0986120700836,1457567829.09,327.0,28.1082523142
154,154,94,129,205,18,165,1,162.066650391,61.41847229,1457567829.2,1457567829.23,-11646.0,7204.0,7420.0,-15.0,21.0,12.5268292683,0.106184005737,1457567829.2,190.0,29.8819136881
155,155,92,131,203,20,166,1,162.089874268,61.4355125427,1457567829.3,1457567829.33,-11552.0,6770.0,7266.0,-25.0,16.0,-1.07073170732,0.102522850037,1457567829.3,-33.0,30.4691695742
156,156,94,129,205,18,167,1,162.212692261,61.1967658997,1457567829.4,1457567829.43,-11396.0,6434.0,7568.0,-39.0,16.0,-13.5097560976,0.102610111237,1457567829.4,-237.0,29.7211168365
157,157,93,130,204,19,168,1,162.387695312,61.0238800049,1457567829.49,1457567829.52,-11866.0,5954.0,7484.0,-44.0,15.0,-13.5097560976,0.103680849075,1457567829.5,-328.0,28.3204138535
158,158,93,130,204,19,169,1,162.054336548,61.1024398804,1457567829.57,1457567829.6,-12174.0,4892.0,7352.0,-39.0,13.0,-11.7414634146,0.105237960815,1457567829.61,-208.0,26.9917204287
159,159,94,128,205,17,170,1,161.857971191,61.1610717773,1457567829.65,1457567829.68,-12062.0,5366.0,7484.0,-31.0,17.0,-0.339024390244,0.100238084793,1457567829.71,-14.0,26.3862579482
160,160,97,126,206,17,171,1,161.158874512,61.1000213623,1457567829.74,1457567829.78,-12220.0,5374.0,7350.0,-28.0,11.0,-0.339024390244,0.107777118683,1457567829.82,-21.0,26.3497188763
161,161,95,126,203,18,172,1,160.809112549,61.0331230164,1457567829.83,1457567829.86,-12220.0,5374.0,7350.0,-28.0,11.0,-0.339024390244,0.107777118683,1457567829.82,-21.0,26.3497188763
162,162,94,126,202,18,173,1,160.635223389,60.9823303223,1457567829.91,1457567829.95,-12132.0,5378.0,7418.0,-31.0,13.0,-0.948780487805,0.0988798141479,1457567829.92,-31.0,26.2860499228
163,163,94,127,202,19,174,1,160.421813965,61.044052124,1457567830.02,1457567830.04,-12212.0,5726.0,7362.0,-38.0,11.0,-7.65609756098,0.105213165283,1457567830.02,-141.0,25.8333766946
164,164,93,127,201,19,175,1,160.216705322,61.0761222839,1457567830.1,1457567830.14,-12484.0,5424.0,7320.0,-49.0,22.0,-20.5829268293,0.0996339321136,1457567830.12,-353.0,24.4265941751
165,165,94,127,202,19,176,1,160.096466064,61.1058425903,1457567830.21,1457567830.24,-12474.0,4864.0,7436.0,-49.0,14.0,-20.5829268293,0.107054948807,1457567830.23,-466.0,22.2230899971
166,166,94,127,202,19,177,1,159.928421021,61.1601257324,1457567830.29,1457567830.32,-12620.0,3102.0,7394.0,-38.0,15.0,-12.2902439024,0.102551937103,1457567830.33,-217.0,20.5374863284
167,167,93,127,201,19,178,1,159.742889404,61.1931724548,1457567830.36,1457567830.39,-12742.0,3768.0,7424.0,-29.0,15.0,-1.86341463415,0.101494073868,1457567830.43,-20.0,19.8192300959
168,168,93,127,201,19,179,1,159.471679688,61.1317214966,1457567830.44,1457567830.46,-12742.0,3768.0,7424.0,-29.0,15.0,-1.86341463415,0.101494073868,1457567830.43,-20.0,19.8192300959
169,169,93,126,200,19,180,1,159.094390869,61.1469535828,1457567830.51,1457567830.53,-12774.0,3816.0,7414.0,-31.0,15.0,-1.86341463415,0.102532148361,1457567830.53,-46.0,19.6281701902
170,170,93,126,200,19,181,1,158.908935547,61.1490020752,1457567830.58,1457567830.6,-12778.0,4072.0,7476.0,-41.0,21.0,-12.8390243902,0.103003978729,1457567830.64,-226.0,18.8709653319
171,171,93,126,200,19,182,1,158.797210693,61.228302002,1457567830.64,1457567830.67,-12778.0,4072.0,7476.0,-41.0,21.0,-12.8390243902,0.103003978729,1457567830.64,-226.0,18.8709653319
172,172,94,126,200,20,183,1,158.313720703,61.2292289734,1457567830.73,1457567830.75,-12912.0,2808.0,7436.0,-44.0,16.0,-12.8390243902,0.102430820465,1457567830.74,-239.0,17.5558535297
173,173,92,127,198,21,184,1,158.136474609,61.2627067566,1457567830.82,1457567830.85,-12966.0,3008.0,7316.0,-30.0,19.0,-0.156097560976,0.10324716568,1457567830.84,-12.0,16.8849987751
174,174,93,125,199,19,185,1,157.771026611,61.5648269653,1457567830.91,1457567830.95,-12978.0,3084.0,7342.0,-29.0,18.0,-0.156097560976,0.109586954117,1457567830.95,-18.0,16.8678925189
175,175,94,124,198,20,186,1,157.501800537,61.7331008911,1457567831.01,1457567831.04,-12924.0,3054.0,7370.0,-30.0,14.0,-0.339024390244,0.0984919071198,1457567831.05,-21.0,16.8435097662
176,176,94,124,199,19,187,1,157.20401001,61.7333679199,1457567831.09,1457567831.13,-13092.0,3524.0,7220.0,-26.0,21.0,-2.9,0.102822065353,1457567831.15,-63.0,16.6769881775
177,177,94,124,198,20,188,1,157.153244019,61.838394165,1457567831.18,1457567831.22,-12982.0,3332.0,7438.0,-44.0,14.0,-17.0463414634,0.104996919632,1457567831.26,-295.0,15.6298359717
178,178,94,124,198,20,189,1,157.133483887,61.9467468262,1457567831.27,1457567831.3,-12982.0,3332.0,7438.0,-44.0,14.0,-17.0463414634,0.104996919632,1457567831.26,-295.0,15.6298359717
179,179,94,124,198,20,190,1,157.010391235,62.213432312,1457567831.36,1457567831.39,-13114.0,1920.0,7382.0,-46.0,26.0,-17.0463414634,0.103093147278,1457567831.36,-328.0,13.8724749806
180,180,95,124,199,20,191,1,157.15852356,62.3867759705,1457567831.46,1457567831.49,-13136.0,1268.0,7436.0,-28.0,25.0,-2.47317073171,0.0981659889221,1457567831.46,-56.0,12.9143988717
181,181,95,124,200,19,192,1,157.340835571,62.7877159119,1457567831.54,1457567831.56,-13184.0,2002.0,7346.0,-28.0,16.0,-1.80243902439,0.106777906418,1457567831.57,-17.0,12.6861285425
182,182,96,124,200,20,193,1,157.416168213,62.9751586914,1457567831.61,1457567831.64,-13020.0,2506.0,7388.0,-33.0,6.0,-1.80243902439,0.101845979691,1457567831.67,-45.0,12.5025573742
183,183,95,124,200,19,194,1,157.434066772,62.9726066589,1457567831.68,1457567831.71,-13020.0,2506.0,7388.0,-33.0,6.0,-1.80243902439,0.101845979691,1457567831.67,-45.0,12.5025573742
184,184,96,124,200,20,195,1,157.450408936,63.0184249878,1457567831.76,1457567831.78,-13190.0,2396.0,7418.0,-40.0,19.0,-17.5951219512,0.102703094482,1457567831.77,-386.0,11.5064626054
185,185,94,125,199,20,196,1,157.539794922,63.0720672607,1457567831.82,1457567831.85,-13426.0,450.0,7210.0,-51.0,13.0,-17.5951219512,0.104500055313,1457567831.88,-304.0,9.66777138826
186,186,96,124,200,20,197,1,157.522735596,63.1145362854,1457567831.9,1457567831.92,-13426.0,450.0,7210.0,-51.0,13.0,-17.5951219512,0.104500055313,1457567831.88,-304.0,9.66777138826
187,187,97,124,200,21,198,1,157.385574341,63.2661209106,1457567831.97,1457567831.99,-13340.0,982.0,7376.0,-31.0,19.0,0.209756097561,0.102722883224,1457567831.98,-9.0,8.77483393506
188,188,95,125,198,22,199,1,157.071670532,63.4218978882,1457567832.04,1457567832.07,-13314.0,918.0,7352.0,-29.0,20.0,0.392682926829,0.100332021713,1457567832.08,-12.0,8.8050558977
189,189,95,125,198,22,200,1,156.628723145,63.5647277832,1457567832.11,1457567832.14,-13600.0,-64.0,7322.0,-31.0,30.0,10.6975609756,0.102937936783,1457567832.18,160.0,9.37585931057
190,190,93,126,196,23,201,1,156.266036987,63.6403999329,1457567832.19,1457567832.21,-13600.0,-64.0,7322.0,-31.0,30.0,10.6975609756,0.102937936783,1457567832.18,160.0,9.37585931057
191,191,94,126,196,24,202,1,156.174591064,63.5924186707,1457567832.26,1457567832.29,-13252.0,1652.0,7400.0,-12.0,12.0,20.2707317073,0.105242967606,1457567832.29,317.0,11.0054568224
192,192,94,124,197,21,203,1,156.214202881,63.3936920166,1457567832.33,1457567832.35,-13296.0,1986.0,7142.0,-4.0,19.0,20.2707317073,0.105133056641,1457567832.39,335.0,13.1365808071
193,193,93,125,195,23,204,1,156.228363037,63.371131897,1457567832.4,1457567832.42,-13296.0,1986.0,7142.0,-4.0,19.0,20.2707317073,0.105133056641,1457567832.39,335.0,13.1365808071
194,194,95,123,197,21,205,1,156.196472168,63.3504562378,1457567832.48,1457567832.5,-13002.0,2956.0,7324.0,-13.0,18.0,15.5756097561,0.10013794899,1457567832.49,240.0,14.9313703636
195,195,94,123,197,20,206,1,156.132385254,63.3340377808,1457567832.56,1457567832.58,-13038.0,2848.0,7380.0,-19.0,14.0,15.3317073171,0.104330062866,1457567832.6,211.0,16.5436515302
196,196,94,124,197,21,207,1,156.011291504,63.2947463989,1457567832.63,1457567832.66,-12964.0,2828.0,7352.0,-20.0,15.0,15.3317073171,0.120623111725,1457567832.72,236.0,18.3930097749
197,197,95,124,197,22,208,1,155.973724365,63.3582611084,1457567832.72,1457567832.75,-12964.0,2828.0,7352.0,-20.0,15.0,15.3317073171,0.120623111725,1457567832.72,236.0,18.3930097749
198,198,93,124,195,22,209,1,156.000091553,63.3725090027,1457567832.82,1457567832.84,-12858.0,3850.0,7354.0,-9.0,24.0,15.3317073171,0.0825040340424,1457567832.8,270.0,19.6579374773
199,199,95,123,198,20,210,1,156.121704102,63.3300819397,1457567832.9,1457567832.94,-12706.0,4658.0,7292.0,-20.0,14.0,11.7951219512,0.108805894852,1457567832.91,178.0,21.1337169438
